procs -----------memory---------- ---swap-- -----io---- -system-- -------cpu-------
 r  b   swpd   free   buff  cache   si   so    bi    bo   in   cs us sy id wa st gu
 1  0 3222824 7606068  41068 22094280    1   66  6745   290 2674    3  2  2 96  0  0  0
 1  0 3222824 7489440  41068 22094284    0    0     0     0 4036 6126  5  6 90  0  0  0
 2  0 3222824 7356984  41076 22094288    0    0     0    72 5697 10526  7  5 88  0  0  0
 1  0 3222824 7298268  41076 22094256    0    0     0     0 1747 2021  7  3 91  0  0  0
 1  0 3222824 7243344  41076 22094256    0    0     0     0 4068 6248  8  3 89  0  0  0
 2  0 3222824 7180596  41092 22094272    0    0     0   144 4320 7922  7  3 90  0  0  0
 1  0 3222824 7139016  41092 22094292    0    0     0    12 4155 6344  8  3 89  0  0  0
 1  0 3222824 7107544  41108 22094292    0    0     0   260 2042 2391  6  4 90  0  0  0
 1  0 3222824 7011116  41108 22094292    0    0     0    32 1933 2320  6  4 90  0  0  0
 1  0 3222824 7013016  41108 22094292    0    0     0     0 3751 5927  7  5 89  0  0  0
 1  0 3222824 6787228  41108 22094292    0    0    76     0 1957 2316  7  3 90  0  0  0
 1  0 3222824 6248400  41108 22094372    0    0     0    12 3706 5811  4  7 89  0  0  0
 8  0 3222824 3411216  41116 23552956    4    0     4    88 3974 4162  5 40 55  0  0  0
 8  0 3222824 4316672  41120 23479132    0    0     0     0 4598 4035 12 50 38  0  0  0
 9  0 3222824 3599576  41120 23610068    0    0     0     0 5343 8060 14 58 28  0  0  0
 8  0 3222824 4636396  41120 23175332    0    0     0    32 4965 4517 12 57 31  0  0  0
12  0 3222824 3665688  41120 23507492    0    0     0     0 7137 10473 12 59 28  0  0  0
 9  0 3222824 4475652  41128 23002812    0    0     0   164 5051 6674 12 58 29  0  0  0
 7  0 3222824 4480308  41128 23411792    0    0     0     0 4914 4465 12 57 31  0  0  0
 7  0 3222824 3903580  41128 23343440    0    0     0     0 6378 7964 13 56 31  0  0  0
 1  0 3222824 4700996  41128 24079560    0    0     0     0 4526 4284 10 47 43  0  0  0
procs -----------memory---------- ---swap-- -----io---- -system-- -------cpu-------
 r  b   swpd   free   buff  cache   si   so    bi    bo   in   cs us sy id wa st gu
 8  0 3222824 3626744  41128 23374404    0    0     0   100 4765 4333 12 52 36  0  0  0
 8  0 3222824 4607432  41136 22806372    0    0     0   120 6656 9542 13 59 28  0  0  0
 8  0 3222824 4578184  41136 23070724    0    0     0     0 4889 4298 12 58 30  0  0  0
 9  0 3222824 4307088  41136 23428980    0    0     0     0 5430 8182 12 58 30  0  0  0
10  0 3222824 4104432  41136 23459500    0    0     0    32 4802 4373 12 58 30  0  0  0
 8  0 3222824 4021520  41136 23390360    0    0     0     0 4920 4753 12 57 31  0  0  0
 1  0 3222824 7038820  41144 22095172    0    0     0   156 5643 8028  8 24 68  0  0  0
